8	
1	
8	
2	
1	
5	
14	
2	
3	
17	
9	
5	
11	
3	
5	
5	
2	
7	
6	
6	
12	
12	
10	
12	
9	
4	
2	
16	
9	
17	
8	
4	
7	
6	
6	
5	
16	
3	
14	
14	
7	
2	
12	
2	
7	
1	
11	
10	
7	
2	
2	
3	
7	
4	
3	
13	
2	
9	
3	
9	
11	
3	
7	
15	
3	
8	
6	
15	
1	
1	
3	
15	
10	
5	
4	
1	
10	
18	
10	
4	
9	
6	
6	
10	
4	
14	
16	
1	
3	
15	
3	
15	
13	
8	
8	
5	
2	
5	
5	
2	
7	
7	
2	
6	
2	
1	
5	
4	
4	
8	
10	
10	
15	
9	
3	
3	
16	
13	
3	
3	
6	
5	
3	
3	
9	
3	
4	
17	
6	
2	
6	
4	
2	
7	
7	
2	
10	
7	
2	
9	
7	
4	
6	
11	
4	
13	
11	
6	
8	
6	
9	
1	
4	
18	
3	
6	
1	
2	
7	
17	
10	
6	
3	
4	
4	
5	
3	
1	
14	
17	
1	
2	
16	
6	
8	
7	
9	
10	
6	
11	
7	
14	
2	
3	
19	
3	
5	
3	
6	
4	
4	
6	
7	
8	
7	
3	
10	
3	
4	
13	
9	
15	
3	
13	
4	
10	
8	
15	
5	
5	
1	
7	
10	
11	
5	
3	
8	
5	
7	
9	
12	
12	
8	
11	
2	
12	
14	
2	
6	
5	
4	
5	
8	
14	
7	
7	
12	
6	
5	
15	
2	
10	
7	
7	
8	
1	
4	
4	
6	
5	
4	
6	
13	
1	
6	
2	
2	
16	
6	
10	
9	
7	
5	
4	
2	
5	
6	
7	
8	
14	
4	
2	
6	
3	
4	
8	
11	
2	
6	
5	
6	
16	
8	
7	
4	
6	
7	
6	
1	
3	
4	
2	
11	
4	
4	
6	
4	
5	
0	
5	
9	
3	
2	
3	
1	
10	
8	
9	
4	
4	
10	
2	
4	
2	
13	
5	
0	
17	
8	
4	
11	
12	
3	
5	
2	
6	
5	
12	
3	
15	
3	
7	
1	
5	
4	
4	
7	
10	
7	
3	
4	
4	
3	
2	
0	
8	
4	
9	
3	
15	
0	
7	
11	
1	
3	
5	
5	
1	
11	
3	
11	
6	
3	
5	
13	
9	
8	
9	
2	
10	
7	
2	
9	
6	
12	
0	
2	
1	
3	
1	
5	
18	
2	
7	
14	
5	
8	
1	
2	
10	
3	
5	
7	
14	
5	
16	
3	
6	
2	
2	
15	
3	
6	
8	
4	
17	
1	
3	
2	
3	
13	
4	
3	
9	
5	
5	
11	
15	
3	
2	
13	
10	
0	
7	
7	
4	
3	
9	
7	
5	
2	
9	
10	
3	
10	
3	
6	
11	
13	
6	
3	
4	
6	
13	
4	
7	
10	
1	
7	
5	
3	
1	
2	
1	
3	
2	
3	
10	
6	
6	
4	
4	
7	
2	
9	
3	
4	
9	
12	
10	
4	
2	
8	
6	
12	
3	
6	
14	
11	
3	
8	
15	
6	
4	
8	
13	
7	
9	
2	
18	
2	
5	
3	
4	
7	
3	
3	
7	
9	
8	
1	
8	
4	
10	
2	
11	
17	
6	
12	
6	
15	
3	
3	
1	
11	
3	
5	
18	
5	
2	
5	
6	
6	
3	
5	
15	
7	
15	
11	
5	
7	
6	
2	
5	
10	
9	
14	
4	
10	
3	
6	
11	
12	
4	
5	
8	
1	
6	
3	
9	
4	
7	
2	
4	
15	
6	
8	
8	
6	
3	
3	
4	
5	
4	
4	
7	
12	
8	
6	
8	
9	
6	
5	
9	
16	
3	
9	
2	
15	
4	
13	
4	
10	
11	
13	
7	
6	
5	
13	
10	
14	
4	
8	
9	
14	
4	
9	
9	
3	
2	
9	
10	
3	
17	
7	
1	
8	
3	
2	
2	
4	
3	
3	
12	
7	
9	
16	
3	
16	
3	
10	
9	
12	
3	
10	
16	
17	
6	
6	
2	
6	
11	
3	
3	
4	
2	
9	
6	
11	
3	
1	
4	
8	
5	
4	
2	
10	
1	
3	
3	
1	
4	
2	
4	
1	
6	
3	
2	
6	
6	
3	
5	
9	
5	
8	
1	
17	
6	
3	
9	
14	
17	
5	
0	
4	
3	
2	
6	
4	
3	
16	
2	
4	
3	
12	
8	
17	
3	
3	
1	
17	
8	
4	
12	
9	
4	
9	
1	
8	
10	
2	
0	
2	
1	
8	
3	
5	
13	
4	
6	
9	
5	
4	
2	
2	
7	
7	
8	
5	
11	
1	
4	
8	
13	
12	
1	
14	
14	
8	
1	
3	
9	
6	
11	
5	
7	
4	
9	
10	
3	
12	
10	
4	
3	
2	
2	
7	
6	
10	
14	
3	
3	
8	
5	
6	
7	
10	
6	
4	
4	
1	
12	
4	
4	
10	
10	
9	
6	
8	
9	
10	
11	
6	
5	
7	
1	
10	
2	
5	
4	
9	
16	
1	
3	
1	
9	
3	
8	
3	
9	
2	
5	
7	
7	
5	
3	
3	
19	
4	
8	
2	
14	
10	
19	
7	
17	
4	
13	
9	
2	
2	
7	
4	
13	
3	
2	
5	
2	
8	
15	
6	
8	
9	
12	
7	
4	
1	
7	
3	
6	
3	
6	
5	
7	
5	
12	
7	
2	
6	
18	
8	
3	
7	
9	
12	
8	
5	
10	
15	
1	
14	
5	
8	
4	
1	
15	
4	
5	
9	
4	
2	
6	
4	
4	
8	
3	
11	
9	
15	
2	
1	
3	
14	
19	
2	
6	
8	
4	
3	
10	
6	
9	
6	
4	
8	
12	
12	
3	
1	
6	
2	
3	
5	
4	
3	
7	
4	
5	
8	
7	
4	
9	
5	
6	
3	
2	
8	
4	
12	
4	
7	
3	
13	
3	
5	
15	
9	
10	
9	
4	
6	
9	
10	
3	
6	
2	
6	
3	
11	
2	
11	
7	
3	
5	
2	
12	
3	
8	
6	
2	
17	
2	
4	
18	
6	
1	
5	
6	
7	
2	
12	
17	
3	
3	
3	
9	
4	
10	
7	
11	
11	
19	
13	
14	
8	
16	
8	
12	
10	
5	
5	
9	
8	
11	
1	
17	
6	
11	
11	
5	
2	
6	
2	
2	
5	
5	
14	
3	
14	
7	
8	
16	
2	
13	
7	
1	
4	
9	
2	
1	